36439 219.54296875
36440 51.140625
36441 269.5
36442 64.6875
36443 57.9999999975
36444 168.4489473675
36445 17.265625
36446 100.775390625
36447 411.10546875
36448 66.0
36449 10.1689453125
36450 74.453125
36451 167.4
36452 66.0
36453 20.25
36454 112.73828125
36455 47.74234799881244
36456 48.31640625
36457 77.1894531275
36458 21.328125
36459 126.70703125
36460 35.859375
36461 109.27000003500001
36462 264.0
36463 224.115380859375
36464 66.0
36465 2649.474609375
36466 219.54296875
36467 204.8378906325
36468 49.3828125
36469 132.0
36470 181.88500003500002
36471 65.863037109375
36472 195.70703125
36473 0
36474 25.3125
36475 624.607968715
36476 0.3796875
36477 66.0
36478 773.2499999400001
36479 238.4375
36480 391.5625
36481 472.34218749499996
36482 40.5
36483 533.203125
36484 108.045
36485 8.0625
36486 103.59375
36487 64.7109375
36488 60.2499999975
36489 53.3750000025
36490 38.87890625
36491 113.24613003
36492 368.19333334500004
36493 56.625
36494 122.6679687525
36495 44.1249999975
36496 178.978515625
36497 2.4218480378566074
36498 419.53125
36499 82.35
36500 119.25
36501 131.6765625
36502 663.75
36503 219.54296875
36504 172.5
36505 59.1249999975
36506 113.19140625
36507 305.44062499750004
36508 118.041015625
36509 126.75
36510 0
36511 353.85937499249997
36512 135.7250000025
36513 10.1689453125
36514 108.2499999975
36515 51.10546875
36516 48.046875
36517 60.9375
36518 264.0
36519 15.50390625
36520 250.36328125
36521 35.859375
36522 764.9785156324999
36523 10.1689453125
36524 60.9375
36525 41.85
36526 83.7
36527 15.1875
36528 64.125
36529 522.5390625
36530 17.265625
36531 1714.625
36532 55.227272729999996
36533 296.12499999
36534 20.25
36535 119.859375
36536 117.45394737
36537 0.9885385026499176
36538 41.625
36539 89.3109375
36540 71.3431640625
36541 42.65625
36542 116.6249999975
36543 21.328125
36544 112.9125
36545 345.3984375
36546 724.6552734375
36547 95.55
36548 302.326171875
36549 53.247047488467004
36550 40.5
36551 405.70000000000005
36552 132.0
36553 106.8046875
36554 387.44751383999994
36555 106.8046875
36556 162.796875
36557 52.25390625
36558 163.125
36559 110.25
36560 219.54296875
36561 66.0
36562 107.85
36563 5.0625
36564 161.712890625
36565 54.2499999975
36566 10.166666666666666
36567 10.125
36568 35.859375
36569 98.25
36570 66.0
36571 132.0
36572 106.8046875
36573 54.234375
36574 683.0908203
36575 336.07934373
36576 82.713333337
36577 0.5118955539460259
36578 41.625
36579 41.85
36580 9.115584
36581 35.859375
36582 21.328125
36583 41.85
36584 44.0000000025
36585 107.713037109375
36586 59.1249999975
36587 153.029296875
36588 19.6816666655
36589 60.9375
36590 108.375
36591 196.3828125
36592 83.7
36593 377.46875
36594 118.090000035
36595 10.1689453125
36596 209.65
36597 53.7500000025
36598 53.7500000025
36599 182.25
36600 19.1508333345
36601 100.875
36602 94.7499999975
36603 39.5234375
36604 551.15625
36605 173.67578125
36606 68.421875
36607 10.125
36608 5.0625
36609 681.003906255
36610 52.3749999975
36611 481.5
36612 21.328125
36613 138.125
36614 57.84375
36615 198.0
36616 229.46894531249998
36617 78.5591666655
36618 149.265625
36619 5.0625
36620 533.359130859375
36621 171.125
36622 60.9375
36623 107.85
36624 66.0
36625 55.6484375025
36626 415.00000001250004
36627 209.25
36628 52.3749999975
36629 21.328125
36630 151.583984375
36631 655.6861680853182
36632 387.62499998249996
36633 59.8749999975
36634 495.635986328125
36635 27.5
36636 44.7578125
36637 172.125
36638 219.54296875
36639 53.9501953125
36640 106.11737084412229
36641 56.0000000025
36642 102.8750000025
36643 93.046875
36644 551.25
36645 229.7119140625
36646 188.671875
36647 59.1249999975
36648 51.375
36649 3.46875
36650 65.863037109375
36651 37.0358333345
36652 60.9375
36653 408.21484375
36654 40.5
36655 55.227272729999996
36656 48.1250000025
36657 196.3828125
36658 103.781982421875
36659 103.000000005
36660 2241.97705078125
36661 53.625
36662 63.854895105
36663 54.323486328125
36664 261.39296875
36665 67.1689453125
36666 106.8046875
36667 171.73125
36668 639.502968715
36669 297.88134765625
36670 345.1250000025
36671 322.0
36672 58.6250000025
36673 13.719547488467
36674 41.85
36675 408.21484375
36676 219.54296875
36677 73.318359375
36678 56.4999999975
36679 2439.9445929374997
36680 115.03515625
36681 17.265625
36682 103.510542165
36683 330.0
36684 3.46875
36685 56.8749999975
36686 132.0
36687 988.3125000225
36688 17.0275
36689 107.6698113225
36690 92.390625
36691 35.859375
36692 10.1689453125
36693 52.25390625
36694 89.3593749975
36695 279.0500021666207
36696 1932.515625
36697 173.85
36698 340.30500003149996
36699 69.260986328125
36700 53.4999999975
36701 106.95703125
36702 53.4999999975
36703 54.375
36704 59.8749999975
36705 291.8133333285
36706 63.984375
36707 42.65625
36708 167.4
36709 52.25390625
36710 125.55000000000001
36711 403.1875
36712 125.800537111875
36713 29.7500000025
36714 53.1249999975
36715 71.203125
36716 363.28125
36717 349.86000010500004
36718 21.8203125
36719 15.50390625
36720 68.75
36721 121.2079015575
36722 129.88125
36723 28.3607291655
36724 19.436666665500002
36725 60.9375
36726 137.843750005
36727 187.3257691666207
36728 10.1689453125
36729 29.05078125
36730 57.9999999975
36731 181.13769531
36732 93.625
36733 53.25
36734 17.3541666655
36735 17.265625
36736 173.85
36737 112.73828125
36738 274.624999995
36739 236.57046875
36740 25.3125
36741 50.2734375
36742 74.60375
36743 220.0228947735
36744 66.0
36745 130.9116667005
36746 166.9306640625
36747 218.0000000025
36748 333.45000000000005
36749 692.62109375
36750 13.796875
36751 43.7499999975
36752 21.328125
36753 59.625
36754 48.125
36755 66.0
36756 0.09519842936157553
36757 394.355224609375
36758 109.7499999975
36759 49.125
36760 60.9375
36761 123.0375
36762 5219.836669921875
36763 45.9495250025
36764 48.8750000025
36765 101.9375000025
36766 57.5000000025
36767 20.25
36768 55.60546875
36769 25.3125
36770 40.5
36771 56.4999999975
36772 17.476666665499998
36773 103.95
36774 1465.91015625
36775 21.328125
36776 59.25
36777 401.09375
36778 58.48828125
36779 739.62890625
36780 52.25390625
36781 23.98828125
36782 69.609375
36783 69.609375
36784 698.11328125
36785 17.265625
36786 1961.5908203125
36787 35.859375
36788 227.0
36789 198.0
36790 440.62499998499993
36791 52.25390625
36792 110.6
36793 764.482421875
36794 35.859375
36795 228.3750000075
36796 131.839779015
36797 85.880859375
36798 22.88671875
36799 82.35
36800 320.318359375
36801 166.0625
36802 50.3750000025
36803 66.0
36804 58.875
36805 35.4375
36806 191.54765625
36807 264.0
36808 112.32142857
36809 161.41780822500002
36810 20.25
36811 385.0546875
36812 85.6171875
36813 57.1875
36814 66.0
36815 444.9125
36816 46.9125
36817 41.85
36818 334.8
36819 51.375
36820 101.722412109375
36821 295.3125
36822 60.9375
36823 113.32666015625
36824 479.015625
36825 159.06640625
36826 35.4375
36827 120.04999996500001
36828 265.90625
36829 29.05078125
36830 66.0
36831 52.25390625
36832 66.0
36833 15.1875
36834 54.8750000025
36835 35.859375
36836 51.5000000025
36837 35.859375
36838 96.796875
36839 35.859375
36840 21.328125
36841 198.0
36842 125.55000000000001
36843 2.75
36844 244.7
36845 20.337890625
36846 56.197265625
36847 276.83333333999997
36848 512.81875
36849 110.1249999975
36850 66.0
36851 132.0
36852 54.5000000025
36853 191.29296875
36854 324.0
36855 241.3125
36856 83.7
36857 160.3480853555
36858 533.2333984375
36859 35.859375
36860 60.2499999975
36861 132.0
36862 59.4999999975
36863 5.0625
36864 20.2734375
36865 166.05
36866 66.0
36867 1439.835808
36868 121.875
36869 49.599590750263694
36870 66.0
36871 2.773628667586
36872 66.0
36873 31.640625
36874 52.25390625
36875 30.9999999975
36876 60.9375
36877 49.5
36878 48.0
36879 60.9375
36880 190.2
36881 188.671875
36882 55.6250000025
36883 83.87890625
36884 21.328125
36885 68.80078125
36886 107.25
36887 263.4521484375
36888 60.9375
36889 60.9375
36890 192.64901256000002
36891 65.57450628000001
36892 129.7651388875
36893 60.9375
36894 60.9375
36895 109.624999995
36896 594.0
36897 15.50390625
36898 13.744482242533843
36899 20.7841666655
36900 0
36901 53.125
36902 49.2500000025
36903 2122.83984375
36904 54.0
36905 60.9375
36906 21.09375
36907 60.9375
36908 234.73046875
36909 60.9375
36910 281.7
36911 59.0000000025
36912 17.265625
36913 499.5789473625
36914 257.55
36915 51.975
36916 109.2812499975
36917 1724.7939453125
36918 201.8750000025
36919 35.859375
36920 53.38081177897988
36921 119.714285715
36922 13.546875
36923 21.328125
36924 162.3336755625
36925 776.953125
36926 1714.625
36927 38.59375
36928 1714.625
36929 21.09375
36930 106.8046875
36931 121.875
36932 53.3750000025
36933 501.73046875
36934 41.85
36935 100.7109375
36936 21.328125
36937 143.5609374975
36938 630.703125
36939 331.390380859375
36940 83.7
36941 203.945468715
36942 203.0000000025
36943 173.85
36944 167.4
36945 501.083984375
36946 40.5
36947 219.54296875
36948 52.6250000025
36949 71.0625
36950 60.9375
36951 132.0
36952 125.55000000000001
36953 88.7625
36954 155.25
36955 586.0
36956 52.25390625
36957 55.125
36958 971.16796875
36959 10.125
36960 196.3828125
36961 241.00000005
36962 52.25390625
36963 161.321428575
36964 41.85
36965 547.8200001015001
36966 470.994873046875
36967 173.2500000025
36968 60.9375
36969 60.9375
36970 161.0
36971 115.63999996500002
36972 346.0218750000001
36973 322.0
36974 78.203125
36975 66.0
36976 58.6250000025
36977 490.8546874924999
36978 59.0000000025
36979 81.47265625
36980 55.60546875
36981 61.5935919075
36982 52.25390625
36983 196.3828125
36984 66.0
36985 101.4999999975
36986 100.775390625
36987 68.02994791916666
36988 16.0883333345
36989 0
36990 43.55859375
36991 22.265625
36992 60.2499999975
36993 137.642578125
36994 29.21875
36995 17.476666665499998
36996 100.775390625
36997 743.7109375
36998 345.3984375
36999 328.30000003500004
37000 46.9125
37001 348.48
37002 313.5234375
37003 88.03125
37004 121.376953125
37005 83.7
37006 93.09375
37007 54.8750000025
37008 104.549804685
37009 52.25390625
37010 52.25390625
37011 110.1249999975
37012 120.625
37013 65.863037109375
37014 155.3945312475
37015 19.0283333345
37016 108.75
37017 10.1689453125
37018 53.4999999975
37019 1858.2217756875
37020 66.0
37021 119.3281250025
37022 35.859375
37023 272.5625
37024 58.2500000025
37025 219.54296875
37026 124.19999999999999
37027 52.25390625
37028 111.22999996499999
37029 96.796875
37030 83.7
37031 99.7150000035
37032 134.9999999925
37033 378.52055664062505
37034 50.8749999975
37035 25.3564453125
37036 422.830810546875
37037 94.91015625
37038 345.59999999999997
37039 50.1249999975
37040 17.150000000000002
37041 214.35
37042 138.68203125
37043 100.750000005
37044 54.8750000025
37045 55.5
37046 65.863037109375
37047 659.2627606604732
37048 533.203125
37049 59.115625
37050 17.265625
37051 121.9566666655
37052 5.0625
37053 5.0625
37054 5.0625
37055 5.0625
37056 280.876953125
37057 5.0625
37058 42.65625
37059 154.921875
37060 390.8984375
37061 203.8564453125
37062 60.9375
37063 10.546875
37064 55.60546875
37065 85.359375
37066 167.4
37067 132.0
37068 59.625
37069 58.125
37070 57.5000000025
37071 60.9375
37072 177.375
37073 53.625
37074 100.775390625
37075 111.0
37076 41.85
37077 41.85
37078 56.625
37079 236.80859375
37080 230.546875
37081 330.0
37082 62.1249999975
37083 62.1249999975
37084 0.1395336976599206
37085 17.265625
37086 82.96875
37087 65.863037109375
37088 1719.6713880525
37089 70.875
37090 54.6249999975
37091 0.2464
37092 36.05625
37093 72.5703125025
37094 58.2939453125
37095 90.8950000035
37096 61.80203046
37097 61.2500000025
37098 275.25
37099 66.0
37100 248.1718749975
37101 108.36328125
37102 577.525087995
37103 40.5
37104 302.326171875
37105 504.8388671875
37106 165.874999995
37107 44.3124999975
37108 53.3875
37109 60.3048708416223
37110 0
37111 368.90625
37112 134.011755025
37113 61.283557050000006
37114 18.92578125
37115 168.3125000025
37116 60.9375
37117 198.0
37118 64.5624999975
37119 50.1249999975
37120 173.8750000025
37121 53.4999999975
37122 42.1250000025
37123 35.4375
37124 106.8046875
37125 63.0
37126 63.9999999975
37127 93.515625
37128 100.775390625
37129 660.5283203225
37130 308.75
37131 60.9375
37132 54.75
37133 59.3257291655
37134 41.625
37135 58.3749999975
37136 117.0
37137 17.265625
37138 52.25390625
37139 66.0
37140 21.328125
37141 105.8750000025
37142 233.475
37143 311.860986328125
37144 107.500000005
37145 10.125
37146 333.60546875
37147 219.54296875
37148 93.515625
37149 60.9375
37150 132.0
37151 321.8000305710078
37152 166.11205469
37153 44.6
37154 57.1249999975
37155 50.8749999975
37156 86.1328125
37157 141.0890625
37158 52.25390625
37159 2823.193359375
37160 53.7852083345
37161 75.837890625
37162 150.8625
37163 52.25390625
37164 100.775390625
37165 0
37166 109.875
37167 60.9375
37168 0
37169 46.875
37170 60.9375
37171 302.734375
37172 45.110986328125
37173 164.80828494
37174 35.859375
37175 197.589111328125
37176 90.15625
37177 60.9375
37178 42.060808
37179 269.8749999975
37180 140.7375
37181 27.5
37182 19.0283333345
37183 161.0
37184 41.85
37185 342.499999995
37186 71.71875
37187 59.1249999975
37188 48.1250000025
37189 125.28984374999999
37190 100.775390625
37191 115.39500000000001
37192 52.734375
37193 478.5703125
37194 82.96875
37195 49.7499999975
37196 93.98671875
37197 66.0
37198 175.3400000325
37199 57.2499999975
37200 43.7499999975
37201 49.2500000025
37202 109.3085937525
37203 323.4609375
37204 82.265625
37205 58.875
37206 53.125
37207 198.0
37208 161.7500000075
37209 52.25390625
37210 46.9125
37211 35.859375
37212 17.476666665499998
37213 132.791015625
37214 1201.4296875125
37215 322.0
37216 37.9189453125
37217 54.6249999975
37218 3430.369384765625
37219 0.210796522241073
37220 148.6914062525
37221 52.25390625
37222 108.28999996499999
37223 89.92450420336607
37224 227.115
37225 52.25390625
37226 88.11328125
37227 65.863037109375
37228 18.62
37229 48.8750000025
37230 60.9375
37231 59.625
37232 17.3541666655
37233 0.4957118202693436
37234 54.375
37235 457.90909094999995
37236 460.65909094999995
37237 62.1249999975
37238 293.76
37239 54.9999999975
37240 38.59375
37241 52.55859375
37242 59.625
37243 53.4999999975
37244 237.7099609375
37245 132.0
37246 63.28125
37247 342.0
37248 63.0
37249 330.0
37250 196.3828125
37251 132.0
37252 200.75
37253 66.0
37254 57.1875
37255 53.25
37256 105.75
37257 132.0
37258 36.36641075895139
37259 272.66796875
37260 53.25
37261 389.55
37262 264.0
37263 51.975
37264 290.7070312525
37265 1317.4690408625
37266 248.500000005
37267 93.515625
37268 117.6249999975
37269 60.9375
37270 65.863037109375
37271 230.25
37272 68.63583333700001
37273 219.54296875
37274 41.85
37275 115.6250000025
37276 49.2500000025
37277 249.609375
37278 59.4999999975
37279 59.625
37280 57.2499999975
37281 144.55000003499998
37282 17.265625
37283 93.515625
37284 59.4999999975
37285 177.9609375
37286 0.4957118202693436
37287 53.0000000025
37288 229.32421875
37289 58.7499999975
37290 8.232743750000001
37291 123.64248708000001
37292 121.215639395967
37293 77.0234375
37294 30.675
37295 20.375833334499998
37296 344.01999996
37297 70.390625
37298 48.75
37299 53.1249999975
37300 53.8749999975
37301 76.1874999975
37302 8.53125
37303 94.125
37304 128.15789473499999
37305 132.0
37306 10.125
37307 60.9375
37308 17.395
37309 12.59375
37310 132.0
37311 5.0625
37312 53.125
37313 63.2939453125
37314 46.9125
37315 56.625
37316 59.4999999975
37317 164.8875
37318 65.863037109375
37319 17.4358333345
37320 347.04
37321 6.9375
37322 66.0
37323 264.0
37324 59.0625
37325 70.630859375
37326 248.296875
37327 168.0000000075
37328 0.8105191379453
37329 196.3828125
37330 42.1250000025
37331 77.40625
37332 325.43999999999994
37333 62.3750000025
37334 213.3749999975
37335 100.775390625
37336 27.7265625
37337 54.375
37338 0.03481542546714379
37339 54.375
37340 52.25390625
37341 35.859375
37342 251.10000000000002
37343 5.0625
37344 100.775390625
37345 244.5078125
37346 54.75
37347 0.7998046875
37348 179.296875
37349 60.9375
37350 35.6015625
37351 67.823486325625
37352 139.59375
37353 289.8984375
37354 140.98828125
37355 72.65625
37356 51.375
37357 100.775390625
37358 196.3828125
37359 74.453125
37360 15.1875
37361 57.0
37362 273.2499999975
37363 0
37364 17.265625
37365 66.0
37366 100.9399999965
37367 1910.631591796875
37368 55.125
37369 5.0625
37370 70.984375
37371 1069.490966796875
37372 53.125
37373 54.8750000025
37374 10.1689453125
37375 514.147412109375
37376 54.6249999975
37377 53.7500000025
37378 71.71875
37379 110.45454545999999
37380 56.3750000025
37381 113.7500000025
37382 52.25390625
37383 202.85
37384 58.125
37385 35.859375
37386 161.0
37387 52.875
37388 20.25
37389 162.2499999975
37390 52.125
37391 65.8125
37392 59.1249999975
37393 52.25390625
37394 142.9405729155
37395 52.25390625
37396 196.3828125
37397 114.0
37398 1.467256
37399 124.2
37400 241.193359375
37401 107.85
37402 60.5000000025
37403 51.375
37404 63.0
37405 52.25390625
37406 55.60546875
37407 136.0000000025
37408 52.875
37409 263.4521484375
37410 132.0
37411 214.616289155
37412 63.0
37413 125.55000000000001
37414 34.28125
37415 173.7584702175
37416 88.11328125
37417 180.524414055
37418 55.453125
37419 469.125
37420 505.01171875
37421 330.3125000025
37422 163.0625000025
37423 41.85
37424 41.85
37425 65.863037109375
37426 1066.725
37427 162.5625
37428 64.3749999975
37429 20.1205733575
37430 280.3949424325
37431 91.31640625
37432 198.0
37433 48.75
37434 52.25390625
37435 395.76953125
37436 778.2648437575
37437 35.859375
37438 41.85
37439 472.1250000074999
37440 52.25390625
37441 406.209999993
37442 65.863037109375
37443 381.50000001750004
37444 208.640625
37445 872.00000004
37446 514.835937495
37447 52.5
37448 54.78515625
37449 22.88671875
37450 52.875
37451 283.890625
37452 17.265625
37453 483.4375
37454 20.25
37455 406.734375
37456 35.859375
37457 187.125
37458 60.2499999975
37459 171.125
37460 8.25
37461 93.515625
37462 87.85546875
37463 285.406005859375
37464 68.2939453125
37465 60.882031247499995
37466 62.1249999975
37467 386.28125
37468 35.859375
37469 59.625
37470 35.859375
37471 49.6250000025
37472 309.96875
37473 3602.49609375
37474 360.6679687525
37475 58.125
37476 21.328125
37477 4.984669500137899
37478 161.0
37479 100.775390625
37480 1085.0029296875
37481 57.375
37482 53.3750000025
37483 117.8520710025
37484 66.0
37485 93.515625
37486 330.0
37487 3763.9678585424995
37488 219.54296875
37489 65.94375
37490 41.85
37491 219.54296875
37492 21.328125
37493 62.1249999975
37494 57.8124999975
37495 49.2500000025
37496 63.421875
37497 172.1983333345
37498 83.7
37499 38.59375
37500 63.9999999975
37501 54.75
37502 58.7499999975
37503 56.8749999975
37504 132.0
37505 57.0375
37506 121.54280822250001
37507 462.73750000000007
37508 20.25
37509 27.8203125
37510 41.85
37511 17.0275
37512 55.5
37513 238.5
37514 11.0
37515 53.4999999975
37516 239.96875005
37517 62.3520710025
37518 49.8575
37519 181.3125
37520 241.3125
37521 176.99333333799999
37522 87.934570315
37523 1674.0
37524 19.0283333345
37525 201.3749999925
37526 125.00625
37527 35.859375
37528 66.0
37529 15.1875
37530 54.8750000025
37531 116.8749999975
37532 103.750000005
37533 493.479492185
37534 187.27734375
37535 58.33333333499999
37536 58.4296875
37537 21.328125
37538 114.250000005
37539 196.5625
37540 109.8984375025
37541 66.0
37542 167.4
37543 66.0
37544 639.77929687
37545 15.1875
37546 106.4189453125
37547 93.515625
37548 66.0
37549 51.0
37550 159.378662109375
37551 21.328125
37552 219.54296875
37553 224.455078125
37554 100.775390625
37555 55.3749999975
37556 108.75
37557 10.1689453125
37558 5.122
37559 2064.5488281225
37560 22.0
37561 30.4189453125
37562 34.1845703125
37563 108.375
37564 0.5058117789798808
37565 52.125
37566 52.25390625
37567 0
37568 19.3141666655
37569 57.2499999975
37570 1714.625
37571 22.328125
37572 16.9458333345
37573 21.328125
37574 66.0
37575 38.0975
37576 35.859375
37577 83.7
37578 106.171875
37579 60.9375
37580 35.859375
37581 35.859375
37582 66.0
37583 374.53125
37584 543.75
37585 158.558593755
37586 15.5390625
37587 18.0075
37588 65.863037109375
37589 196.3828125
37590 112.6250000025
37591 99.0
37592 21.328125
37593 21.328125
37594 37.9189453125
37595 37.9189453125
37596 132.7470703125
37597 42.0038888885
37598 219.54296875
37599 46.3749999975
37600 41.85
37601 660.0
37602 50.4999999975
37603 192.7187499975
37604 103.6250000025
37605 10.125
37606 55.227272729999996
37607 54.375
37608 52.714285717500005
37609 10.125
37610 53.4999999975
37611 219.54296875
37612 55.5
37613 187.03125
37614 55.5
37615 167.6000000025
37616 209.25
37617 159.80709631317228
37618 19.436666665500002
37619 298.01250000000005
37620 65.863037109375
37621 98.125000005
37622 46.7499999975
37623 93.515625
37624 196.3828125
37625 105.6249999975
37626 119.51953125
37627 232.2421875
37628 861.753662109375
37629 29.7500000025
37630 299.90234375
37631 0.703125
37632 226.29296875
37633 55.3749999975
37634 220.22877675
37635 15.1875
37636 21.0291666655
37637 42.1250000025
37638 19.1916666655
37639 0
37640 107.85
37641 528.0
37642 199.248308
37643 69.85417800295124
37644 304.5
37645 55.2500000025
37646 71.71875
37647 76.3867187475
37648 132.0
37649 59.25
37650 325.125
37651 15.924999999999999
37652 222.448486328125
37653 50.4999999975
37654 41.85
37655 66.0
37656 57.9999999975
37657 15.1875
37658 123.874999995
37659 107.374999995
37660 53.0000000025
37661 11.73046875
37662 132.0
37663 114.0625
37664 57.6875000025
37665 53.125
37666 219.54296875
37667 52.25390625
37668 264.0
37669 41.85
37670 196.3828125
37671 54.828125
37672 129.2625
37673 123.9375
37674 70.630859375
37675 31.5
37676 330.0
37677 132.0
37678 52.25390625
37679 54.2499999975
37680 57.2499999975
37681 113.7705078125
37682 65.863037109375
37683 3071.7585324915
37684 46.3749999975
37685 54.8750000025
37686 363.85
37687 21.328125
37688 385.0546875
37689 121.7894736825
37690 463.5
37691 57.1875
37692 52.125
37693 54.1875
37694 94.7265625
37695 50.2734375
37696 60.9375
37697 76.4765625
37698 219.54296875
37699 55.7499999975
37700 66.0
37701 127.249999995
37702 60.9375
37703 491.0
37704 83.7
37705 66.0
37706 37.9189453125
37707 132.0
37708 55.133470222499994
37709 93.2499999975
37710 99.0
37711 148.381370443875
37712 10.125
37713 5.594799999999999
37714 38.8749999975
37715 108.6249999975
37716 2.3994140625
37717 219.54296875
37718 18.13
37719 62.1
37720 108.508470225
37721 56.4999999975
37722 66.0
37723 59.7500000025
37724 386.953125
37725 145.9609375
37726 41.85
37727 96.6
37728 17.476666665499998
37729 57.5000000025
37730 180.8578125
37731 58.2500000025
37732 240.0
37733 60.9375
37734 100.775390625
37735 180.338138022
37736 67.79296875
37737 196.3828125
37738 40.5
37739 385.0546875
37740 196.3828125
37741 60.0
37742 210.234375
37743 110.6770304625
37744 55.227272729999996
37745 57.75
37746 454.0
37747 49.125
37748 52.25390625
37749 65.6875
37750 0
37751 53.3750000025
37752 60.9375
37753 120.0
37754 132.0
37755 408.21484375
37756 518.6582278650001
37757 2011.007812505
37758 108.5000000025
37759 547.65185546875
37760 344.921875
37761 360.3125000025
37762 528.0
37763 35.859375
37764 35.859375
37765 13.5
37766 0
37767 19.436666665500002
37768 383.5164473625
37769 0
37770 53.625
37771 111.75
37772 0.24234800131244633
37773 330.0
37774 185.1992187525
37775 41.85
37776 0.2570357589513893
37777 2811.40625
37778 53.3750000025
37779 382.0078124975
37780 35.859375
37781 176.49999999
37782 60.9375
37783 59.8749999975
37784 177.366943359375
37785 213.609375
37786 161.0
37787 212.5000000025
37788 35.229736328125
37789 0
37790 113.1211300275
37791 10.125
37792 17.265625
37793 713.99999997
37794 127.96875
37795 168.47067331207677
37796 877.95496251
37797 249.75
37798 19.1508333345
37799 142.986328125
37800 86.0625
37801 53.4999999975
37802 0
37803 209.53125
37804 35.859375
37805 415.92578125
37806 83.7
37807 10.125
37808 0
37809 95.85
37810 35.859375
37811 15.50390625
37812 111.1250000025
37813 0
37814 454.0
37815 187.03125
37816 43.337890625
37817 35.859375
37818 82.265625
37819 51.0
37820 227.0
37821 21.328125
37822 10.125
37823 54.375
37824 261.375000005
37825 884.75000001
37826 66.359375
37827 106.750000005
37828 100.775390625
37829 50.4999999975
37830 247.99999995000002
37831 54.75
37832 1714.625
37833 257.55
37834 1147.2757161475
37835 60.5000000025
37836 21.328125
37837 618.1308593775
37838 52.25390625
37839 82.265625
37840 53.3750000025
37841 175.00000004999998
37842 385.0546875
37843 201.49999995
37844 208.69375
37845 219.54296875
37846 1073.1346357615
37847 35.859375
37848 60.0
37849 625.9741379249999
37850 26.7939453125
37851 54.5000000025
37852 242.970703125
37853 134.325
37854 66.0
37855 66.0
37856 0
37857 157.4583333375
37858 591.249999975
37859 1714.625
37860 249.609375
37861 1896.06640625
37862 1729.8125
37863 100.775390625
37864 21.328125
37865 1280.2499999699999
37866 114.250000005
37867 48.0
37868 65.863037109375
37869 62.75000000250001
37870 51.375
37871 83.7
37872 55.2666015625
37873 196.3828125
37874 198.0
37875 53.4999999975
37876 92.2234375
37877 66.0
37878 60.9375
37879 332.8500000675
37880 59.4999999975
37881 213.50000001
37882 100.750000005
37883 63.082901557499994
37884 60.9375
37885 60.9375
37886 120.00869373735918
37887 12.0
37888 153.029296875
37889 118.25390625
37890 53.625
37891 95.7500000025
37892 51.375
37893 58.3749999975
37894 233.49999999
37895 46.6015625
37896 2259.2612250499997
37897 48.95833333499999
37898 60.9375
37899 891.0718749999999
37900 20.25
37901 330.0
37902 196.3828125
37903 92.1249999975
37904 219.0000000075
37905 17.757973001312447
37906 94.97499999749999
37907 108.375
37908 66.0
37909 66.0
37910 160.8476562525
37911 54.6249999975
37912 59.625
37913 107.500000005
37914 65.625
37915 48.31640625
37916 59.625
37917 53.3750000025
37918 36.89697265625
37919 43.7499999975
37920 172.8203124975
37921 766.310546875
37922 83.7
37923 131.72607421875
37924 417.0
37925 78.203125
37926 625.2500000025
37927 100.775390625
37928 58.2500000025
37929 114.63688455000002
37930 52.25390625
37931 0
37932 648.3711300300001
37933 198.0
37934 0
37935 2082.625
37936 10.1689453125
37937 17.265625
37938 53.0000000025
37939 83.7
37940 264.0
37941 107.500000005
37942 54.0
37943 54.1875
37944 58.875
37945 138.4375
37946 270.69140625
37947 10.125
37948 59.7500000025
37949 10.125
37950 158.25
37951 187.64453125
37952 63.2499999975
37953 63.2939453125
37954 59.7500000025
37955 52.25390625
37956 131.839779015
37957 909.2578125
37958 13.475
37959 50.1249999975
37960 52.25390625
37961 62.01188454750001
37962 36.296875
37963 35.859375
37964 18.865
37965 68.0
37966 109.02499996499999
37967 1934.16796875
37968 230.82425503000002
37969 25.3125
37970 861.571813989375
37971 21.328125
37972 306.765625
37973 148.5649999965
37974 10.125
37975 110.0244140625
37976 59.0000000025
37977 55.66183732997465
37978 309.8750000025
37979 38.59375
37980 298.7500000125
37981 60.9375
37982 10.125
37983 58.2500000025
37984 162.2600000325
37985 331.875
37986 48.1250000025
37987 66.0
37988 3.260986328125
37989 53.0425
37990 123.375
37991 106.8046875
37992 60.2499999975
37993 49.125
37994 17.265625
37995 286.875
37996 125.55000000000001
37997 330.0
37998 132.0
37999 52.5
38000 15.1875
38001 281.44140625
38002 252.0
38003 66.0
38004 183.2298951075
38005 42.5625000025
38006 83.7
38007 56.00390625
38008 296.1737577225
38009 71.71875
38010 30.375
38011 250.7568359325
38012 143.4375
38013 219.54296875
38014 941.7499999725001
38015 216.12320331
38016 100.775390625
38017 264.0
38018 101.3750000025
38019 470.296875
38020 96.796875
38021 100.775390625
38022 17.265625
38023 66.0
38024 100.775390625
38025 10.1689453125
38026 448.51953125
38027 68.2734375
38028 60.9375
38029 104.8984374975
38030 142.30859375
38031 55.875
38032 177.405517578125
38033 124.249999995
38034 53.4999999975
38035 60.9375
38036 16.17
38037 78.203125
38038 231.03499996500003
38039 1677.9890441793748
38040 219.54296875
38041 661.9246093364999
38042 5.0625
38043 160.6250000025
38044 86.2939453125
38045 865.017578125
38046 187.5
38047 101.25
38048 591.249999975
38049 74.453125
38050 20.5
38051 109.8522727275
38052 10.1689453125
38053 30.375
38054 198.0
38055 238.5
38056 57.75
38057 53.25
38058 433.15625
38059 499.411998765
38060 53.0000000025
38061 57.0375
38062 416.3749999875
38063 52.125
38064 60.9375
38065 97.5
38066 15.1875
38067 17.265625
38068 53.96875
38069 10.1689453125
38070 161.0
38071 539.246477805
38072 59.1875000025
38073 21.328125
38074 61.7187500025
38075 201.22265625
38076 21.892660552000002
38077 0
38078 46.3749999975
38079 55.60546875
38080 166.0625
38081 163.2500000025
38082 52.125
38083 31.5
38084 55.116423640538684
38085 60.2499999975
38086 62.1249999975
38087 169.125
38088 28.0
38089 59.0000000025
38090 84.33046875
38091 35.859375
38092 198.0
38093 65.625
38094 21.328125
38095 42.9140625
38096 52.0189453125
38097 66.0781249975
38098 0
38099 10.125
38100 267.66796875
38101 1714.625
38102 10.1689453125
38103 58.931640625
38104 421.7109375
38105 118.875
38106 356.75337740299994
38107 108.874999995
38108 124.4765625
38109 431.68999996499997
38110 54.75
38111 98.25
38112 3429.89501953125
38113 330.63671875
38114 11.042562243401889
38115 179.7617187525
38116 59.4999999975
38117 93.515625
38118 260.3671875
38119 41.578125
38120 119.749999995
38121 133.580078125
38122 65.8125
38123 132.351666668
38124 57.2499999975
38125 132.65625
38126 10.125
38127 59.625
38128 55.227272729999996
38129 59.625
38130 48.9999999975
38131 55.227272729999996
38132 396.0
38133 10.77734375
38134 173.85
38135 35.116666669
38136 112.73828125
38137 55.734375
38138 83.7166666655
38139 10.125
38140 58.125
38141 260.0078125
38142 55.125
38143 217.4779166705
38144 0.7012071192490219
38145 33.4928645845
38146 195.75
38147 57.2499999975
38148 40.5
38149 150.5000000025
38150 82.5649999965
38151 107.85
38152 17.265625
38153 21.328125
38154 865.6640625
38155 215.7
38156 131.15859375
38157 30.375
38158 121.9492187475
38159 334.4318181825
38160 112.9125
38161 106.8046875
38162 219.54296875
38163 375.841796875
38164 66.0
38165 1048.8900000975
38166 0.7515235992492244
38167 330.0
38168 35.859375
38169 21.328125
38170 124.2
38171 0
38172 219.54296875
38173 48.75
38174 119.3828124975
38175 52.7499999975
38176 103.249999995
38177 20.25
38178 66.0
38179 17.4358333345
38180 137.2161979155
38181 35.859375
38182 20.337890625
38183 60.9375
38184 66.0
38185 21.328125
38186 48.8750000025
38187 19.5183333345
38188 17.265625
38189 1.0232471159195233
38190 35.859375
38191 17.265625
38192 41.85
38193 69.168945315
38194 10.1689453125
38195 66.2734374975
38196 172.999999995
38197 159.75
38198 123.970000035
38199 132.0
38200 67.7656249975
38201 120.723440145
38202 16.546875
38203 61.014892578125
38204 49.5
38205 169.9374999975
38206 55.7499999975
38207 53.8749999975
38208 45.0
38209 46.9125
38210 241.3250000175
38211 120.5000000025
38212 0
38213 349.806482535
38214 456.2304687475
38215 62.625
38216 33.39758445961533
38217 55.125
38218 1714.625
38219 132.0
38220 2909.897216796875
38221 42.65625
38222 137.296875
38223 396.0
38224 15.1875
38225 142.25218753500002
38226 5.79268993962
38227 53.25
38228 462.0
38229 66.0
38230 414.75
38231 55.3749999975
38232 17.265625
38233 42.3148437525
38234 53.4999999975
38235 17.265625
38236 49.125
38237 0
38238 817.5000000375001
38239 88.359375
38240 107.8749999975
38241 344.77394530649997
38242 50.4999999975
38243 60.9375
38244 59.4999999975
38245 57.1875
38246 15.5390625
38247 66.0
38248 52.25390625
38249 115.000000005
38250 83.7
38251 117.35500003499999
38252 188.671875
38253 38.59375
38254 17.885
38255 53.4999999975
38256 35.859375
38257 59.25
38258 161.0
38259 16.546875
38260 55.227272729999996
38261 54.375
38262 58.125
38263 0.13708573791682038
38264 0.20671658935089973
38265 64.07894736749999
38266 202.85
38267 493.55859375
38268 62.1249999975
38269 998.1875000099999
38270 128.14996875
38271 198.0
38272 38.971996616
38273 162.5625
38274 48.1250000025
38275 250.490625
38276 53.25
38277 38.8749999975
38278 35.859375
38279 165.3116016525
38280 926.835
38281 98.500000005
38282 83.7
38283 17.925833334500002
38284 76.125
38285 126.9375
38286 52.3749999975
38287 15.1875
38288 408.21484375
38289 21.328125
38290 300.0
38291 386.0000000025
38292 51.375
38293 48.8750000025
38294 48.31640625
38295 396.0
38296 52.125
38297 58.125
38298 581.2265625
38299 295.94375
38300 219.54296875
38301 254.09375
38302 63.854895105
38303 55.7499999975
38304 960.0
38305 132.0
38306 126.78125
38307 36.8671875
38308 82.96875
38309 50.4999999975
38310 20.6015625
38311 21.328125
38312 63.0
38313 130.6125
38314 58.125
38315 0
38316 17.265625
38317 114.0625
38318 10.1689453125
38319 36.8725
38320 10.125
38321 39.75
38322 53.4999999975
38323 53.4999999975
38324 52.25390625
38325 4116.03125
38326 215.70394736999998
38327 292.95
38328 66.0
38329 121.875
38330 5.0625
38331 305.85
38332 35.859375
38333 167.0625
38334 60.9375
38335 60.9375
38336 285.81875
38337 79.0
38338 53.0000000025
38339 54.1875
38340 205.283203125
38341 57.3125000025
38342 35.859375
38343 10.1689453125
38344 52.875
38345 17.265625
38346 50.25
38347 59.1249999975
38348 126.0
38349 35.859375
38350 59.0000000025
38351 53.7500000025
38352 17.4358333345
38353 367.500000015
38354 125.55000000000001
38355 6.75
38356 662.7802734375
38357 366.0834855325
38358 53.7500000025
38359 25.3125
38360 52.5
38361 36.515625
38362 35.859375
38363 285.427734375
38364 59.625
38365 219.54296875
38366 59.3801736666207
38367 45.4474999965
38368 12.0
38369 151.1000000025
38370 74.453125
38371 128.7421875
38372 52.25390625
38373 299.65625
38374 51.975
38375 38.628333331
38376 33.07123125
38377 200.4570312525
38378 52.25390625
38379 54.9999999975
38380 21.328125
38381 42.1250000025
38382 115.5
38383 8.2734375
38384 74.421875
38385 74.453125
38386 109.875
38387 167.4
38388 71.71875
38389 13.78125
38390 74.4673
38391 83.7
38392 62.1249999975
38393 56.8808333345
38394 50.4999999975
38395 35.859375
38396 74.453125
38397 107.2584702225
38398 17.109166665500002
38399 60.9375
38400 378.72913753374996
38401 92.475
38402 83.7
38403 83.7
38404 132.0
38405 215.5999999965
38406 106.640625
38407 68.25
38408 66.0
38409 219.54296875
38410 115.875
38411 17.265625
38412 264.0
38413 2193.1953125
38414 25.3125
38415 50.8749999975
38416 16.0883333345
38417 101.25
38418 10.1689453125
38419 298.66406250750003
38420 158.749999995
38421 59.4999999975
38422 184.25
38423 87.5390625
38424 10.1689453125
38425 52.25390625
38426 496.05
38427 3.260986328125
38428 58.8750000025
38429 0
38430 35.859375
38431 202.85
38432 5.0625
38433 53.625
38434 17.265625
38435 1177.1231000025
38436 188.671875
38437 60.9375
38438 90.111328125
38439 264.796875
38440 385.0546875
38441 561.698974609375
38442 219.54296875
38443 113.25
38444 17.265625
38445 83.7
38446 219.54296875
38447 25.3125
38448 60.5000000025
38449 122.374999995
38450 416.6249999925
38451 163.1328125025
38452 188.671875
